map = [[10,10,10,10,10,14,14,14,10,10,10,10,10],[10,10,10,14,14,15,15,15,14,14,10,10,10],[10,10,14,15,15,11,11,11,15,15,14,10,10],[10,14,15,11,17,11,11,11,17,11,15,14,10],[10,15,11,11,11,11,11,11,11,11,11,15,10],[13,11,17,11,11,11,11,11,11,11,17,11,13],[16,11,11,11,11,11,11,11,11,11,11,11,16],[11,11,11,11,17,11,11,11,17,11,11,11,11],[11,11,11,11,11,11,11,11,11,11,11,11,11],[10,11,11,11,11,11,11,11,11,11,11,11,10],[10,10,10,11,11,11,11,11,11,11,10,10,10],[10,10,10,10,11,11,11,11,11,10,10,10,10],[10,10,10,10,10,11,11,11,10,10,10,10,10],[10,10,10,10,10,10,11,10,10,10,10,10,10],[10,10,10,10,10,10,18,10,10,10,10,10,10],[10,10,10,10,10,10,18,10,10,10,10,10,10],[10,10,10,10,10,10,18,10,10,10,10,10,10],[10,10,10,10,10,10,18,10,10,10,10,10,10],[10,10,10,10,10,10,18,10,10,10,10,10,10],[10,10,10,10,10,10,18,10,10,10,10,10,10],[10,10,10,10,10,10,18,10,10,10,10,10,10],[10,10,10,10,10,10,11,10,10,10,10,10,10],[10,10,10,10,10,10,18,10,10,10,10,10,10],[10,10,10,10,10,10,18,10,10,10,10,10,10],[10,10,10,10,10,10,18,10,10,10,10,10,10],[10,10,10,10,10,10,18,10,10,10,10,10,10],[10,10,10,10,10,10,18,10,10,10,10,10,10],[10,10,10,10,10,10,18,10,10,10,10,10,10],[10,10,10,10,10,10,18,10,10,10,10,10,10],[10,10,10,10,10,10,11,10,10,10,10,10,10],[10,10,10,10,10,10,18,10,10,10,10,10,10],[10,10,10,10,10,10,18,10,10,10,10,10,10],[10,10,10,10,10,10,18,10,10,10,10,10,10],[10,10,10,10,10,10,18,10,10,10,10,10,10],[10,10,10,10,10,10,18,10,10,10,10,10,10],[10,10,10,10,10,10,11,10,10,10,10,10,10],[10,10,10,10,10,10,18,10,10,10,10,10,10],[10,10,10,10,10,10,18,10,10,10,10,10,10],[10,10,10,10,10,10,18,10,10,10,10,10,10],[10,10,10,10,10,10,18,10,10,10,10,10,10]];
leftBorderTile = 10;
rightBorderTile = 10;
upBorderTile = 10;
lowBorderTile = 10;
tileset = "dragonlair";
area = "DL_area4";
areaname = "Dragon\'s Lair";
ambience = null;
dungeon = "DragonLair";
A_sprites = [
    {name:"The Dragon",model:"dragon",x:6,y:7,walkspeed:-1,dir:"s",elem:"DARK",Static:1,conv:[],uuid:6d8a7f59-5b45-4054-8266-49eae259fdbb},
    {name:"Princess",model:"princess",x:6,y:3,walkspeed:-1,dir:"s",elem:"LIGHT",Static:1,conv:[],uuid:7ab53ddd-39bd-4dd2-9748-7a2d0732d5d4},
    {name:"S",model:"BIGDOOR0",x:6,y:40,dest:["DL_area3",15,2]},
    {name:"WALK_TRIGGER",model:"_trigger",x:6,y:12,WALKON:true,actionSequence:Dragon,uuid:3075b3f6-6bd3-4c51-83c1-00957ce40bf5}
];
areaLoot = [];
foes = [];
btlChance = 0;
levelrange = MONSTER_LEVELS.DRAGON_LAIR;
musicTrack = "MightyHeroes";
AreaSetup({clearmap:1,NoStorage:true});
uuid = 7844a20b-7a64-4d59-ba9e-a8520384ef50;
